start=939.000000
speed=1.610510
pause=yes
aid=1
vid=1
