start=4583.877000
speed=1.948717
pause=yes
