start=1031.717000
speed=1.610510
pause=yes
